3135
4415
4444
4115
3218
336
983
4850
3807
1316
3357
1896
4125
2995
4034
566
3220
4680
3538
4409
3857
1037
2771
2254
4968
2525
3486
3987
3598
4732
3404
1278
4210
667
669
3345
608
4927
56
4252
4916
4746
3150
3461
1215
4795
878
849
4974
3201
4547
618
3872
1308
3014
4697
2631
4161
1478
1406
4549
617
2154
3656
2165
1038
981
1290
4327
790
2768
2484
445
659
3182
3087
1527
3560
3674
3876
3728
284
1190
2270
3992
335
4949
3689
1525
837
1217
2886
504
789
2047
2331
1058
3887
1472
2838
2229
2786
1832
1732
4257
3597
4499
1189
1582
1630
4696
4057
3296
3467
3766
631
3447
2279
3734
1324
1981
4505
1849
206
3340
3780
3727
309
3327
163
3605
2486
3835
3680
880
4314
4041
4466
4612
380
2451
2196
1415
3981
1787
4203
2301
627
663
2548
3347
1209
53
4071
1762
4207
2812
652
3316
480
286
4798
4629
3380
1550
779
688
490
3217
771
1389
3172
1868
4504
257
3827
1530
1551
1484
706
229
664
3255
3949
3962
769
3092
188
233
2882
4513
144
2692
894
4116
3905
1319
4035
3008
1249
4370
1477
791
4408
846
1697
509
427
4288
4645
3098
1645
4356
610
3828
1342
958
3482
1456
1446
2606
3563
1651
2696
3314
1760
1639
3907
4350
2441
3103
4228
1430
689
2704
179
2682
1881
2189
3251
1585
3989
426
2869
4464
2684
2072
2361
4840
783
1108
4999
541
553
2186
2014
3715
579
1507
4292
3026
1132
1247
4902
3273
2245
784
2034
1540
1063
2436
1274
1655
2068
3983
46
2688
4542
49
4852
2498
3364
2233
50
842
4108
1370
2710
2217
4431
1117
1467
3252
4885
297
609
623
1000
1568
1745
2860
1482
4936
2102
201
2538
4716
677
2989
4699
4962
1970
836
506
157
4133
429
1034
4056
2599
356
4518
4620
4912
737
3180
754
4459
2387
2957
4247
1979
4297
762
3820
3662
2927
3423
679
1036
1879
1071
107
4471
2568
1451
1650
1853
1254
3783
4998
2054
4911
4377
4944
4933
1837
4906
1614
108
3632
3373
2364
539
4698
3187
4509
2341
3852
2664
1279
4233
4275
851
2171
4769
1149
4372
2429
4495
2328
594
425
2446
261
4751
227
4450
4256
1629
443
2760
3448
3964
3202
982
2945
3084
3549
1607
216
1547
3068
1556
4787
2104
906
43
2470
3169
1667
2214
4008
3301
1659
3396
3530
3361
274
775
542
1333
3195
583
354
580
1006
3868
993
104
3354
3178
871
4485
2642
495
4215
1865
3971
2997
2392
703
1107
4785
4963
1466
560
96
2527
4065
4867
4546
4127
2405
3711
3914
638
3589
4259
412
639
4792
2675
695
3722
3762
2925
510
1610
292
270
1798
3845
4514
1078
2738
3924
4419
4083
2345
479
2577
2018
1153
1090
1873
4596
1778
3953
2784
1465
1668
1988
388
2388
1362
1398
1422
4921
2500
3522
774
2194
1473
960
2536
439
3755
3131
1786
1724
4687
1145
720
3190
1866
3541
4583
90
3491
2260
3701
146
2669
3244
3808
2
3611
1739
2668
537
559
1270
596
3708
456
1835
1557
4
4038
2758
1531
908
4600
4149
2259
4376
997
3293
3877
4693
4985
1891
2835
4829
2183
2261
3984
1743
1906
1393
3772
2590
4298
3133
520
2544
110
2353
562
383
3818
248
4934
1801
2251
4871
4159
2150
3524
4647
3127
4276
4676
4511
4026
3097
2048
2872
3797
3239
3223
431
1423
1742
4983
2587
189
1410
2020
3492
3267
2780
2743
2965
1282
3620
2356
2015
3152
391
2019
2097
3300
4534
2106
4540
4121
619
1748
3372
3647
3802
3917
2136
3238
4261
2455
3629
3206
872
3164
4180
2273
1687
4328
475
92
1067
2477
2815
59
344
2350
1514
4643
1470
214
3913
2146
1690
86
1578
2601
2416
4100
129
1747
1016
840
3442
308
3241
1499
4469
3782
2088
2920
3210
4889
1264
1457
3825
117
1269
2042
2762
3918
4118
4240
241
2765
1468
1044
1327
2115
4782
4439
729
1162
2375
996
1339
3286
2272
1246
417
128
1102
2411
2342
1945
2476
646
2566
1450
4793
4352
1725
4775
4403
1141
3403
32
3113
434
4151
1458
1940
1251
4163
2252
3882
4760
671
2842
60
2094
1901
3709
251
1897
4570
2793
1987
3497
18
4373
1123
777
1717
825
1260
915
3751
2589
2963
1989
2604
1
752
3842
136
4270
2658
1867
2410
2497
1998
3817
979
2715
4006
2700
1809
3669
4503
4710
3514
1072
2090
967
1581
253
2320
1658
363
4605
552
2748
22
1946
1930
1932
3022
2966
2348
4988
2775
2039
435
2791
2123
4134
3416
2567
1999
4607
2712
1337
1093
2448
1887
3826
1122
334
2736
3121
4213
3224
548
4887
478
3259
1106
4445
4435
755
1515
4606
3394
4396
2064
4718
827
124
719
749
1799
728
1649
4456
4805
315
640
4652
4461
3569
4735
408
988
980
1718
3228
733
650
4752
4661
174
2459
4068
52
3516
515
524
3490
4027
4212
4684
581
1119
519
423
3521
555
2479
2394
4109
1340
2829
4981
3650
4724
9
3454
1127
2482
4102
4521
2181
2469
3379
4813
3710
63
78
4682
355
2901
3944
2093
1537
3591
1831
801
1985
4508
2241
4738
1361
3863
1364
3982
2569
1397
1661
1208
866
2531
721
3019
3320
3587
1115
4665
991
4383
4148
3295
4584
4451
328
4467
4182
4966
4341
3824
3421
247
4131
1394
4195
4452
1432
2953
3353
155
4117
3696
1223
2417
1740
1139
1496
4295
2517
722
4594
16
151
275
184
457
483
2264
1300
1375
4145
3637
209
3309
4280
1064
3196
2135
1491
2662
4156
4875
3936
3562
661
633
1118
4907
455
41
4935
1589
1602
1892
2746
4702
3507
934
736
2365
4044
2103
4720
91
1992
1545
2690
1824
1447
1685
4507
2959
4245
7
3660
3048
1549
1200
910
2352
4284
4886
3810
1039
3638
1443
1263
917
1858
2739
2249
4616
2415
4342
522
4641
1463
2619
4463
1490
4544
4307
3398
4781
4177
3465
1445
2508
1428
4777
1024
1796
2359
765
1903
3658
3383
4283
1055
1691
848
1791
2407
3317
2182
2296
1455
2334
3545
2414
1570
3117
2400
2240
2879
2074
1334
2012
2948
2825
1073
597
3488
4489
182
3653
2156
3445
4537
204
834
197
574
3832
2663
1498
4089
1517
1113
3159
3310
4322
829
70
860
348
1170
1197
4997
2434
5
501
277
2921
2398
3435
1245
3211
4432
4158
3031
1403
1178
4201
865
1022
3441
1876
1323
4019
1619
2937
1904
3994
2602
20
1369
1676
2960
582
4360
3520
4515
400
2826
3250
1543
2725
1875
1287
4833
3344
4405
3233
4429
4834
929
1392
1677
4320
3428
1304
4181
3069
887
931
1431
4975
1700
4719
5000
2790
4986
674
1181
44
459
600
402
4869
4339
2545
1061
1854
83
3451
1442
1666
1967
3742
4154
1066
2195
898
4267
4418
3729
223
3030
746
245
301
1110
4522
1506
3160
1193
3556
1675
1257
4561
1654
3112
4582
1012
4424
4422
4922
4122
3432
4369
2316
2850
4731
3247
4726
4506
4812
4253
1134
2574
1908
1789
3387
1844
1647
532
4457
2412
496
1326
492
4873
3044
503
3735
4055
2005
3900
4137
2593
265
2932
2625
3840
1454
487
3141
3770
4991
1351
1005
2905
2295
551
1805
2496
3570
4437
3630
3481
1424
2615
1243
4060
2355
3108
109
859
2839
1953
1360
4392
1497
15
4099
397
1895
4413
4402
3753
208
399
3517
2951
3280
1921
428
4633
2383
3305
3066
2332
1794
3050
2327
919
2638
4196
4192
310
4628
1420
3332
2423
3411
2821
4225
4268
2336
1621
1871
2956
3995
2837
821
1449
1513
4220
2466
4523
680
567
1512
1486
3617
1519
2713
2535
4224
591
3952
1033
4260
1797
4315
3318
1736
3576
3909
2306
3234
1674
4126
154
1310
1314
3771
2924
4925
870
4595
2827
66
4803
3594
3191
2702
4627
3166
1734
289
3386
2319
928
984
763
2651
3333
4404
2804
1004
4308
1414
3582
3016
2727
3363
4135
430
2001
4443
4741
2421
3958
4045
2205
2080
3884
613
4828
2166
2564
2108
1355
85
1688
4587
4865
4105
2889
1219
2384
3518
3859
1365
1671
2454
3854
202
3099
4046
605
2269
3438
4042
2798
2711
1353
1096
3449
2401
3322
4152
4659
1241
3889
1535
350
1017
930
1969
2379
4913
907
745
2111
2572
2223
1709
1231
256
4881
1367
3961
3791
1103
788
1509
4000
3258
4346
970
1014
1679
486
858
1151
448
4766
1166
4025
534
2595
476
1634
4670
4666
1182
1253
757
3663
3138
4901
1771
839
971
4130
1560
3784
77
340
2083
3085
4472
3684
1746
2988
1702
1966
700
1346
2289
4238
2880
962
3985
2362
2200
2131
122
2175
502
4101
4807
2101
1870
1726
1435
3147
1157
2691
4817
3052
1974
536
1444
382
786
2112
1280
4362
1978
3205
3420
892
3578
4447
243
3100
1800
4686
3506
1111
3834
3232
1613
4736
3733
4565
73
3829
2286
540
169
2978
3635
3639
4479
923
4395
2168
48
2002
3703
4473
4465
3878
1780
797
4082
2504
1146
4657
1154
236
1475
3118
856
375
285
3580
2190
3489
1729
3799
2219
2964
1692
1259
1665
4364
1583
2287
1669
1616
368
3616
4251
937
2390
4399
630
4778
4872
1899
3559
3564
464
4336
3577
3294
3188
4427
4229
1048
1195
1409
3830
4994
4884
3018
2067
3478
778
514
1663
3644
1883
1632
4982
4691
4888
3844
3374
2874
3051
3237
1848
1564
2705
418
1971
235
172
4474
194
1955
2558
2066
4294
4970
1963
1943
3339
2389
632
280
3245
4266
3032
4704
1597
803
212
3568
298
3034
2592
920
4940
4591
2896
2099
3074
4032
3596
4866
3289
1495
1407
2831
1041
4222
3060
1631
3932
2031
2440
4384
1508
3988
231
3400
135
1283
4248
2248
4551
4987
351
2237
1376
30
300
4918
385
1938
2081
3622
2639
4417
4712
125
4412
1567
3860
1860
2779
1426
4890
626
4129
4306
3969
377
3462
1032
262
2378
384
3460
2730
2085
3931
2078
4124
531
282
4558
857
4772
3774
4804
4832
1839
4218
3426
2973
3422
1939
2089
4498
4674
2503
3613
1929
2366
4700
2542
672
424
2985
111
4501
4374
2494
2255
3351
1352
2632
2300
1081
628
1228
4255
1174
847
272
2096
2884
3702
4290
4036
1592
4271
3214
523
725
1829
511
3304
1460
2630
176
2402
1221
3096
4564
2315
4490
2284
780
326
3743
4743
4608
4947
4039
2467
244
4085
4070
3020
3652
4146
3283
4351
1733
3219
854
1051
3480
1642
1934
324
1453
1383
3891
1194
3940
2698
1469
1804
415
585
3626
1144
2153
1986
4808
1401
1112
844
992
139
102
3893
824
1105
4186
2930
1693
3136
3413
2931
2119
453
2283
3833
2840
641
263
1419
4898
3017
3439
4791
743
724
3993
4204
3086
3915
2644
38
4299
3246
4096
2521
2645
4232
1286
2647
71
4770
2055
1942
2471
2987
3764
896
709
2512
3369
1100
3934
3070
526
3349
3200
1211
3407
3749
4683
317
3298
2051
4206
306
2507
3162
472
3553
2635
615
4993
1552
2311
2511
2778
2216
2513
1759
1101
3165
4367
2940
4972
1949
4728
3895
1377
868
3455
473
2851
4711
485
3381
2807
550
3463
3693
2993
1539
112
4354
2326
2549
2621
1807
2176
2685
3042
2142
211
392
4610
2053
3894
2000
4617
2678
1754
4615
413
3527
4851
1028
1372
3942
23
1898
2983
4692
794
123
1620
975
2369
3458
3677
3941
3786
1951
976
3602
3192
853
3695
4397
4953
4337
4689
3484
1007
4079
1013
2293
352
2232
2750
4484
4371
1625
2138
1124
3777
4110
4762
3470
4300
3793
3336
1744
4920
260
3967
3123
707
2026
1534
3804
4919
2693
4859
2899
701
3033
4347
3471
1905
4095
1138
3356
460
2865
381
895
3062
2488
2445
1584
127
357
1706
1488
3389
4221
2324
529
3046
2170
787
3929
2519
805
1919
3005
3410
3800
2816
4153
1216
4287
4849
2687
3529
3013
2856
1643
616
1777
4516
3502
3723
4017
4305
1042
3270
4073
467
3525
1131
4722
314
1973
481
4066
1235
4592
4754
2680
3302
1502
1203
1461
4282
1633
2718
3675
1836
4740
162
1277
3225
3342
903
2056
3795
3330
3126
74
818
1357
4664
3584
2206
4855
4843
2036
4239
4578
3072
3945
2510
2605
3718
3670
3143
287
4706
2213
2541
2485
4486
3183
4303
2578
2291
4343
4357
1074
3678
1907
987
1233
4818
75
807
1820
3036
3341
2447
1818
2672
3612
2318
3090
3047
1335
635
4468
158
1574
2049
345
4051
2489
2926
1623
747
716
99
1996
2120
4825
80
3928
1641
3377
449
2744
4164
4556
3850
4519
1094
4931
311
4536
416
1399
1082
4590
3991
3155
4430
2656
1358
602
1185
2817
488
3618
822
3607
1320
2463
343
681
1694
3208
1884
47
1856
3719
213
1330
914
3094
3739
222
4325
118
4839
2890
3105
683
1731
556
1842
2701
4265
4358
98
4809
4837
1765
1975
3163
1385
2435
4184
1947
3979
4226
3557
4183
4586
1019
3476
1479
2029
2349
307
3171
4386
877
4497
4114
4681
4219
4904
4069
3871
2509
4062
2928
2193
3687
2557
682
4319
143
2588
4671
3503
1767
2575
3207
4707
2800
2802
1297
2297
3539
905
2247
2603
1261
2848
477
3326
4543
4476
4173
2752
2317
3184
3592
1608
891
2598
2721
4063
2518
1959
1332
3430
1313
152
1783
3705
3509
3173
4734
4423
3898
3679
2107
1128
4841
2785
3787
2655
3065
2611
450
4856
239
3348
4790
882
800
1336
2976
2939
3512
2188
925
2092
3775
3021
2228
1425
4243
1553
3446
826
948
658
2902
3558
4512
751
1813
471
1305
4092
3737
3741
420
365
1184
3222
4211
4007
1861
2666
2801
2059
1265
3334
4449
3935
852
4113
3114
593
3886
884
2849
2624
4329
4806
4227
959
1928
325
1501
76
3161
4359
3631
4555
2904
327
3004
3581
4663
1318
4480
3912
3483
994
2367
1962
3700
2312
2670
2810
3485
2357
942
3254
2979
2360
2122
1130
3091
4538
2922
2681
4231
3043
2868
462
3039
850
1050
3371
953
1152
3916
4924
2298
4438
113
4897
2397
1186
2788
4788
692
3996
2910
2823
3646
655
3948
3531
4932
2257
3821
1563
2573
4730
2998
3137
637
3788
4568
2420
816
4520
2616
1002
954
3714
3035
3798
4835
1683
1522
561
1045
4799
1738
2003
361
4157
1054
64
1770
4104
2009
432
4241
3107
1869
2732
3625
4801
2339
316
2456
1412
3837
2124
2769
3546
4635
3125
1811
3547
1098
1095
1232
1965
1705
369
4937
3391
2335
1781
3500
1077
4530
2022
1730
3846
164
4470
2472
4957
3038
4005
2499
1628
1750
4187
2185
4380
4326
4190
1859
833
1541
101
634
1579
4077
2230
1271
411
4836
4532
4759
394
4619
3355
3056
3368
972
1056
3937
2167
1225
4938
2370
4004
4892
4155
3041
1516
4729
1558
4579
3881
221
4642
3080
3565
2814
1779
1142
3736
191
1268
1068
1114
4923
3130
2609
2803
2759
1604
4725
3542
1956
1810
3551
4460
815
3758
4217
2699
1774
3623
3970
2413
3132
3763
3199
1258
4502
1601
647
3045
1481
4273
42
2883
1388
3436
2449
2393
2610
1276
68
1252
2372
2733
2376
2076
65
2919
2163
366
4531
3440
1593
269
2809
1803
323
4573
3621
956
203
3412
1262
599
461
3134
4191
3140
3664
3806
2506
3841
2243
4569
2338
1576
4714
2855
446
4848
2329
4877
742
283
1322
4103
990
888
2724
1109
8
1626
2377
1229
1089
4552
2532
1302
1201
4379
3443
999
3946
4387
4891
2665
3843
177
3963
2062
322
149
3767
4550
3221
2555
1027
845
2280
1559
3231
649
116
84
293
603
1704
759
2974
474
1158
3082
3156
374
1492
2617
3307
3776
4796
1684
2180
3848
3665
1503
1851
2915
3910
2480
1920
1053
1348
782
3459
3401
4014
330
3754
1418
4188
2256
3275
1489
810
4132
165
4312
89
564
489
3049
944
902
2709
814
1296
2811
379
2892
2830
2278
3450
2098
1062
512
3088
3641
465
2313
2117
1790
4748
378
2481
3025
3376
604
2198
215
57
4208
2202
2994
2087
312
2363
3477
4733
268
4863
1356
4333
2114
578
1822
1596
4098
3890
3874
4917
3276
4909
2424
3724
156
4589
1395
3366
4965
4166
3676
1202
2084
1440
1681
4088
166
372
3875
4080
1275
3158
3712
4176
3338
4482
433
2079
250
2767
3263
3974
3264
727
2594
2914
3694
1823
3927
1793
4959
4979
2734
2514
513
952
4557
2554
3922
4560
1756
1699
4636
2032
2307
4246
161
799
4976
3058
1224
1554
3510
2008
4483
2220
1199
1288
79
1727
744
3139
4410
1878
4059
654
601
4090
1052
2086
4285
4747
1172
303
3599
4033
3659
820
3590
3861
1656
2063
2157
4052
855
2073
3847
3197
2608
2505
288
2845
1529
1381
3519
998
1948
2524
1637
2172
4446
2938
2822
1303
4167
4588
376
1239
2885
367
670
1843
1416
1950
1927
3124
4407
1847
458
2290
4053
1328
4943
95
3610
1615
2671
4178
4860
3487
875
3000
1386
2824
3911
1284
3352
3429
2044
2933
2226
2949
753
2024
1984
4278
4353
3167
1099
569
2622
2871
132
1757
2347
1281
3288
1617
678
4637
1387
2708
2923
4330
1761
2292
4878
4496
318
1438
1177
4613
218
3648
2427
2070
3561
4690
1092
4517
4723
4562
863
193
770
3666
3095
2430
4660
731
4811
2864
4767
4630
3109
1562
1682
4945
2458
2556
4385
187
3227
3501
2735
2281
3473
249
3926
3698
1505
3976
4656
4216
1830
3870
756
4009
2706
3627
331
4669
3955
2013
3406
1977
4249
1603
1059
2858
1227
3315
3855
955
2523
1909
3624
1070
1237
4040
4455
4136
1749
2832
3120
4708
2553
1198
2836
1782
1404
4348
4644
4250
4262
4340
3370
2540
1160
924
1405
576
421
3257
279
2640
1301
1116
2271
644
2444
3313
1075
2408
1911
4368
4844
4895
192
33
3574
3856
1618
230
2643
1722
589
3146
332
2646
409
119
4880
1698
518
2346
2570
3067
557
2789
932
51
2946
359
121
1605
3819
4709
4072
3079
2025
225
3265
3346
2141
4826
2268
2546
2314
1926
1338
339
3812
890
1565
4436
933
1175
2764
302
4632
2491
2749
1494
347
106
1886
4361
3899
2859
3299
2695
4929
2381
294
4815
4382
1325
1087
4533
3402
2250
696
2231
4727
3759
4926
3472
1015
2461
364
1483
554
4559
2238
1459
10
1167
3325
3544
1255
4338
1133
4597
2344
4655
1329
406
2368
1331
3567
2492
1888
2043
4675
4054
373
2155
3836
313
3686
126
3216
900
4585
4649
1714
951
4864
2562
2968
4024
1315
1427
1923
3498
3815
2834
2160
4061
14
3760
1917
2763
2035
1086
4313
938
4258
1291
606
2591
138
1769
642
4010
873
571
4679
1995
2468
4646
500
3954
2487
4304
4928
3469
3102
3692
740
530
4324
1606
147
1573
547
941
3566
4493
1023
4302
535
2438
1664
3177
4823
4768
4381
665
1753
2714
4391
2483
3643
1371
3532
521
2207
704
4952
4930
3717
4896
2007
4857
1806
1627
2772
3243
792
4893
4475
3609
950
3730
4028
4197
39
3588
4868
1960
4624
3575
1374
4574
3615
3434
766
2490
1735
2596
1827
2010
4428
750
4810
3093
4847
2731
240
718
3906
2139
2203
2981
2694
93
4995
3972
1040
2050
2737
499
4554
2021
403
2386
1594
1792
517
4230
1590
656
4951
4903
1900
2934
1889
2683
3278
1400
2999
4309
1206
34
3175
4272
1136
3
3939
4577
666
3181
1354
290
3024
4037
3235
4894
3198
4440
2833
4421
2955
2843
2852
1776
3179
913
3078
1635
2304
2634
4242
3513
4662
6
1129
1990
4969
1773
2947
4050
3950
4842
673
989
3921
3601
629
4763
2717
4854
1922
4797
2971
1918
4876
1701
1673
2239
2403
2943
2686
2862
238
4784
911
2774
3748
267
2703
1696
1994
2636
4745
3226
4673
2418
1840
4388
748
4571
2149
2204
1834
3297
3277
3619
4029
3248
178
1366
4416
2576
2147
4548
468
3186
2808
1411
3943
1439
4510
4087
333
3603
4269
4138
3640
114
1814
2912
358
2321
2322
2419
3515
732
622
305
802
874
3003
4794
685
81
4331
838
3636
370
2722
319
4120
2633
2563
4020
3071
4862
82
945
714
3393
1143
4492
4420
2425
2308
1680
1476
3174
36
1150
735
2374
1421
2439
2975
2520
590
3600
3720
1719
3533
3750
4234
1244
3431
3998
2620
25
3312
4378
916
2158
4614
3185
3740
2244
1474
371
4494
4317
3867
1772
207
3274
909
2894
2783
3908
798
360
232
1936
1715
3901
3128
4316
3144
4672
1728
2753
1180
4967
1648
1937
3230
4375
507
3253
329
760
508
4749
926
4626
1555
1933
3076
4744
1983
3543
2660
2431
2426
1910
4002
4715
195
2674
414
2302
452
4717
2980
4049
2875
1755
4018
1396
4990
2109
4822
808
3966
1350
3011
4401
3122
2787
986
4128
27
2565
4174
3053
2777
2422
2275
2011
4980
3757
3583
4883
3738
4845
4021
4318
2225
3534
342
4477
702
266
3960
3956
767
861
1121
1925
3973
1212
2898
4621
686
2613
2060
1452
2697
957
4043
4603
1741
2058
1462
190
4093
2867
2184
4977
1493
528
31
1532
2187
242
2502
1566
2719
2936
3203
3115
407
438
1523
2607
3761
4263
1379
811
2745
758
2996
2442
3388
4824
338
2707
2799
4281
710
3947
3831
2234
1877
3012
3537
3001
968
936
4771
3240
1707
255
4355
3193
3453
2263
3814
258
0
717
3862
2037
180
1384
1572
2215
3604
103
2030
2017
137
995
1298
4169
2174
4139
4106
2027
776
2453
3725
889
543
927
1218
2654
2023
2908
4678
4900
2969
1378
4654
772
918
3064
897
484
2325
3023
4786
1546
3266
3822
4667
1402
3673
2673
3661
2162
3111
3885
4013
4193
210
2159
3642
3261
246
3242
4946
4599
1230
699
3990
1913
2584
168
3614
2740
2641
1307
4200
3359
806
2046
584
2661
4631
3919
3170
2501
271
864
2628
3573
3779
4783
1548
4078
175
4291
1163
466
3813
4755
3920
2199
3474
2984
3229
2395
1993
1561
2144
1359
1845
4454
1010
2221
527
761
3651
2741
3375
2794
1147
491
4757
3151
2530
1429
1775
2391
3930
4879
2757
4097
1480
226
160
2913
3997
1436
3903
3365
1885
2464
3419
4942
3896
130
1220
2113
4640
4170
3744
1708
3331
105
2100
1464
1518
1980
3504
3433
4861
441
320
2380
1234
823
3256
3382
4171
1035
4648
1309
299
4031
2127
4989
4978
2561
463
3707
2267
1737
2285
4973
2057
2118
586
2881
1273
3536
2028
3272
961
1029
4189
2041
4406
2201
3933
2571
2132
2450
1299
4524
901
440
1240
577
4992
1137
2818
1047
708
1312
97
493
2755
1721
4956
4366
3773
525
3747
3260
587
3037
2061
2337
3424
4961
966
1049
4567
3493
1434
1982
2972
2385
1862
4425
1678
148
1448
291
395
4758
2211
3838
3282
2242
2667
2130
2813
4838
3075
1575
1686
4814
353
4572
401
4448
1833
2761
4779
1713
3427
1857
4623
3699
1815
4202
3986
694
3110
3999
4653
643
4535
3789
1088
3851
3323
1819
1964
691
2333
2754
2819
1192
3552
1758
3444
2474
3358
1191
3437
2222
2534
4622
2351
3063
3731
2726
2125
1441
2121
676
1391
2382
1695
4773
1720
573
3628
405
764
482
133
2773
67
568
3864
651
2253
150
4441
1958
2526
1874
3083
1179
4996
3978
2277
4481
2358
3153
1341
2177
946
2179
734
3399
497
4277
1317
1954
3007
4487
451
3360
886
1207
2992
1670
1003
4094
4365
2246
3129
3968
2552
447
2911
1662
3535
3511
611
2309
2846
1944
1544
186
2916
4075
3781
2650
1171
2900
1080
2082
785
893
4015
974
1021
4737
3579
4846
1159
3292
4111
2893
2143
1156
3593
4168
3209
4237
3418
4344
4289
2991
2677
4960
3456
773
2537
362
2648
3685
1763
2626
1533
1085
2462
1471
2870
2373
3883
812
2559
1710
1091
2853
4739
1890
3768
2406
4685
2580
768
1591
3089
1850
1520
3279
4162
3853
4563
1855
4638
4819
1957
4012
3897
1586
620
88
2942
4462
841
11
1120
1030
885
3888
1672
4488
533
1812
296
3649
1485
1242
62
2903
3176
3457
2586
2465
3027
3271
3303
442
4030
4411
4321
1009
469
1838
4874
3319
4761
2873
3505
963
3965
3683
4022
2952
2543
1538
4910
1046
4827
4198
1646
1347
1997
2547
1916
3571
705
4011
2145
4820
4144
1176
1292
61
3816
3792
3055
200
54
142
217
2236
3006
572
2742
237
1031
4677
3212
2637
4142
3466
4984
1076
2266
1285
3554
4545
2585
3732
494
621
2371
2069
711
35
153
4713
4310
3142
4695
904
2428
4107
2323
4950
2649
3425
3540
2820
4853
1222
2891
437
3104
2033
2006
1751
1915
1864
2004
2077
2528
181
259
1294
341
4214
636
252
739
4064
741
1580
675
3745
1408
1577
205
3499
1528
1321
2396
2522
1500
4363
693
141
2303
2210
3892
4528
3496
1187
2457
1894
1164
2432
3405
1205
4958
1084
304
3495
2224
1363
1020
1236
2792
1961
276
795
3284
1828
3801
115
3869
1306
2657
4575
387
1266
698
173
1373
2627
2781
4954
1788
264
3154
337
1226
2623
2016
1043
2192
4948
4618
730
3009
4023
2652
1413
2197
922
386
1125
1079
2917
4081
1976
1065
4802
1595
4541
2977
4601
2116
1210
1587
3697
2212
410
3765
2861
3149
1382
4074
612
1711
3204
1437
2340
4525
1345
2065
813
1173
2515
281
828
220
2533
199
4150
3879
2235
2409
2040
2137
2404
3925
3957
3145
4593
3839
2126
2847
3608
2178
985
4858
831
921
3586
3385
4604
2529
1826
4899
4971
120
4067
3324
4147
2473
2282
3291
498
3329
4165
781
4789
1598
4293
1841
40
2262
4434
3904
3866
565
346
1991
3809
1433
37
2310
3215
1931
170
2071
2770
4764
1196
940
3572
2209
4658
1536
3028
4140
419
3059
3494
4141
3672
1882
1972
949
4529
668
1510
2961
4650
1768
1126
2161
2597
4539
3756
13
198
3938
3633
2929
563
3668
1083
3654
4882
2918
793
3681
516
234
4296
1140
3713
3367
3645
1008
3977
26
3796
4223
1267
973
3849
1764
3655
2887
4705
4703
4076
2944
912
2493
4611
4453
1852
1057
2954
444
2551
4264
3414
1599
1893
1636
19
183
1902
87
939
2756
1295
4821
4774
3311
4311
2495
965
2806
4914
2452
3769
3752
2828
977
3550
2437
1238
4527
1069
2909
4668
653
4235
1863
2958
1214
4625
2579
2164
3726
1766
2844
2653
1571
3290
3873
715
171
1001
72
607
2433
796
2854
321
278
830
1941
3061
1097
1569
1168
4349
4016
159
3980
140
4123
867
2970
2950
881
3073
4048
1025
100
3408
1640
436
1644
2299
4199
1250
4478
598
558
876
3691
295
2276
4254
3548
4086
2294
131
3015
4780
2659
2516
2478
4581
2805
3959
4830
3923
3975
545
2907
4244
1935
224
3595
964
4393
819
2227
2897
4084
947
1380
2796
575
4286
2052
3409
3671
2105
3350
196
1846
2729
3119
2581
1169
4179
3785
4143
1011
2354
219
1716
3343
1248
2776
2218
2550
3081
2612
3468
3523
1349
3778
1712
1272
2766
2258
2152
4756
3706
3508
1104
1417
570
4058
835
3634
3415
978
4345
538
3362
3721
3384
3285
2173
228
55
4566
2751
3168
2782
4750
4091
3794
3236
625
3690
817
2539
1026
935
4323
273
899
145
4274
4816
3716
1511
3657
389
2148
1817
713
349
134
1588
1344
1657
843
2600
3880
254
3057
2140
505
3865
3746
2274
862
4394
3321
657
167
1188
645
2895
3268
4905
738
1638
1924
3378
470
3148
3606
1785
1526
2720
809
3106
879
3528
4458
3479
3054
1624
94
29
4939
1600
2110
1521
1723
2679
3077
549
3682
2265
4908
2191
2962
2877
3029
2906
2629
684
1752
2208
2582
2941
883
4205
3213
4941
690
2797
4776
1609
1802
1542
4651
4185
3116
3688
1880
2343
4491
1825
1968
4334
2716
2560
4609
2129
4003
697
1256
3555
2618
1293
4119
2399
4634
1795
3002
2460
1183
3811
2986
2689
624
1343
592
4389
832
2747
1487
2857
3823
2676
4390
3475
3858
1390
2075
2614
804
69
3249
3790
4526
404
2128
2876
544
4335
28
398
4694
4915
1653
4332
4576
24
2151
2878
2045
2330
614
1135
969
1213
4721
4500
390
4701
3704
3040
422
1816
2475
4433
3951
4112
1060
3101
4426
3269
1204
662
58
3395
2723
1504
1703
2038
3803
3464
3308
3805
726
4598
3452
4172
2091
2728
4236
4955
2133
2866
1660
2935
4160
393
1311
4753
1165
3390
2134
648
3157
1018
1689
3585
1784
2305
2443
1872
2967
723
4194
4800
3010
1821
4639
3194
1612
1652
660
4870
546
1155
1289
4400
2841
3667
1622
3335
4553
1912
3287
4765
1914
396
4279
3262
4602
2169
3397
3392
3526
2888
2288
2095
3306
1611
4580
588
2982
3417
1808
595
4001
1524
1368
17
4831
21
2583
3902
1148
4047
4442
12
943
869
3281
4175
4688
4398
4209
3189
1952
3328
4301
2795
4964
2990
2863
687
712
185
45
454
4414
4742
1161
